1,0.535479954402045,0.38977670351339894,0.29144978113870645,0.4032774213016445,0.7739414584047954,0.8160732595961975,0.8628702519276038,0.37090542846281516
2,0.5354126050291068,0.39130067836066024,0.29055769891926875,0.3941084904491977,0.7756960097892911,0.8177376925475596,0.8579532480212059,0.3741252063129802
3,0.5387290143396475,0.3916851860488456,0.28643709953228874,0.39305702030668915,0.7845967890637386,0.8143235991898712,0.8465128472660055,0.37536991554014876
4,0.535878898651891,0.39213641271521665,0.2937152676828532,0.39299326759586917,0.7841435811510491,0.8155639157249548,0.8451706184811327,0.37439398798525186
5,0.535878898651891,0.39213641271521665,0.2937152676828532,0.39299326759586917,0.7841435811510491,0.8155639157249548,0.8451706184811327,0.37439398798525186
6,0.5309292218613679,0.38317105747507585,0.3084610446212882,0.3961325709192306,0.7871121362329098,0.8154241762365381,0.8435567212834065,0.3735918711391625
7,0.5304223146741335,0.3814585373165162,0.30463340765843816,0.39409463084959473,0.7858341698839786,0.8169815783205745,0.8429644394017878,0.37436429463561555
8,0.52335603977143,0.3805172962641542,0.3146415249484046,0.3988025715457929,0.7914174064003575,0.8138307328148182,0.8404929714321832,0.3811463546233457
9,0.5234147816897472,0.38252242609789144,0.3142330918020589,0.397993738069162,0.7916642233243317,0.8124799374512641,0.8386926734029853,0.3846025299483234
10,0.5247281749238486,0.38150367303797594,0.3092856958651028,0.39106137155897336,0.7917621798591795,0.8116216765001723,0.840572374049764,0.38312988440764845
11,0.5236385544909935,0.38048875676059174,0.3117575769971035,0.38949237250307134,0.7904590898044861,0.8127684315345391,0.8418891341835616,0.37723489186563747
12,0.5244328700144772,0.3795657467886947,0.3142562394635001,0.38203702314262455,0.7865742484620731,0.8178196567743907,0.8468200523968175,0.3750109989204082
13,0.5249911026311143,0.3790377395189581,0.314160029461027,0.3823734890588982,0.7856045995795149,0.8196665887585246,0.844889834386392,0.37645467495051815
14,0.5213406073931746,0.3745989997059146,0.3092938356606896,0.381517385611275,0.7929567089847419,0.8160842073316295,0.8455172443776456,0.376777292102655
15,0.5208093308956971,0.37586829105749847,0.30705252098717095,0.38161229508841304,0.8008390365172193,0.8186639854781799,0.8437788475576617,0.38652259424829294
16,0.5221986043655695,0.36970248339193135,0.30277423710013596,0.38206419722510393,0.8040053090774274,0.8179541259799301,0.8424512786853594,0.3847530275451633
17,0.5231860019843673,0.36994148377619973,0.29971103636431906,0.3847550389701109,0.8028668683070241,0.8201313212810672,0.8454458642211586,0.3873640863614892
18,0.5187431746955112,0.37473749493720443,0.3033987673576818,0.38275085355508065,0.8067307538814752,0.8215133413474419,0.8443264628227978,0.3877045933578193
19,0.5177397369941285,0.3789810607621981,0.30378091907505006,0.3847820490867536,0.8104339985125121,0.8164126355054062,0.8446143913078595,0.3859733591094341
20,0.5108916175297168,0.3789903150025586,0.3065320326198474,0.377352041175538,0.8164284680939395,0.8076633546897533,0.845382509376335,0.38703083522527665
21,0.5221373767900638,0.38360444796490667,0.3068034591443041,0.3802762863532059,0.8106108695640983,0.8176208366493286,0.8435264471944851,0.3871881020945202
22,0.5185834233621831,0.38448426584034534,0.3065113839117561,0.3779514571253399,0.8079113517316667,0.8154536135649646,0.8430344730940671,0.387303317072483
23,0.5216912115506291,0.38198677802880904,0.30537405799720807,0.3836145011674785,0.8134530878983328,0.8137996484534487,0.8426245837874745,0.389721877753844
24,0.5200748852855611,0.3811682578945078,0.3054986124167577,0.38450818007678383,0.811458161853554,0.8135490946497089,0.8440131383795716,0.38567248847300756
25,0.521011803705303,0.3804686426073964,0.3064909652225206,0.38310105171324427,0.8123626005776998,0.8156354153657827,0.8436569416964679,0.3826837346359959
26,0.524014860459263,0.38110800862511407,0.30344565592316497,0.3783267996100892,0.8125986184422374,0.8176422134118635,0.843832354319843,0.3923765184890029
27,0.5215035553978632,0.3820982354821933,0.3056343266748738,0.37996915681594223,0.8148311158994568,0.8150380123590132,0.8446612181675596,0.39230411916886404
28,0.5223635872896928,0.381348977022668,0.3052111465936403,0.37928534272098136,0.8192106157248645,0.8148823830666714,0.8433534773783983,0.4001388662470295
29,0.5222094725622708,0.38100593076520034,0.3048750462662368,0.3767428982603981,0.8211872708528034,0.816324000956174,0.845020448028867,0.401064754969901
30,0.5205685983347685,0.3798695675305968,0.3024585997979774,0.37580431295063704,0.8213228521856715,0.8164962873345536,0.8436695060064366,0.39996578617421974
31,0.5205685983347685,0.37986956753059675,0.3024585997979774,0.37580431295063704,0.8213228521856715,0.8164962873345536,0.8436695060064366,0.39996578617421974
32,0.5187889887491743,0.3778396568135659,0.3008539384247545,0.37081197033664975,0.8258943605189148,0.819461539368554,0.8417574488581158,0.4088580508740526
33,0.5165664768805789,0.3801466666035052,0.3004027919845465,0.3715879704584539,0.8261678799295545,0.8221083781325611,0.8427912088062939,0.40878097917175993
34,0.5165664768805789,0.3801466666035052,0.3004027919845465,0.3715879704584538,0.8261678799295545,0.8221083781325611,0.8427912088062941,0.40878097917175993
35,0.5168194047089009,0.37872696541252215,0.3038065088551692,0.37115946210653183,0.8242576766017919,0.8244217466941051,0.8437106339729785,0.405544273184497
36,0.5195580698045645,0.375800778187373,0.30650126672922723,0.37059795061464895,0.822072885624715,0.8236976103107189,0.8456720320773238,0.40665607697972606
37,0.520201459270929,0.37699891944930747,0.30288974224099985,0.3760988746685093,0.8274881760682653,0.8236815878325896,0.8467518368800047,0.4128880986031297
38,0.5118720576612595,0.3809223810722638,0.29792580604459185,0.3824292951655067,0.8308702891018429,0.8217914502281747,0.8444424271273216,0.41524904261796813
39,0.5110879096750671,0.37882747283119883,0.2984400417811545,0.38174318929628975,0.8337563203543852,0.8240624231434852,0.8448188544898159,0.41618720343694865
40,0.5118214442884884,0.37797662041733127,0.2997545589414843,0.3785969665446932,0.8317452995234499,0.8243217479118918,0.8433610334458619,0.41646517455642984
-60250 {pfr0.535479954402045,pfb0.38977670351339894,pfc0.29144978113870645,pfbf0.4032774213016445,afr0.7739414584047954,afb0.8160732595961975,afc0.8628702519276038,afbf0.37090542846281516}
-57941 {pfr0.535479954402045,pfb0.38977670351339894,pfc0.29144978113870645,pfbf0.4032774213016445,afr0.7739414584047954,afb0.8160732595961975,afc0.8628702519276038,afbf0.37090542846281516}
14068 {pfr0.5235778556062936,pfb0.36024842980418786,pfc0.31582803167543533,pfbf0.3807375053183327,afr0.8244059172042767,afb0.8027687425439278,afc0.8402058055523082,afbf0.4179057461252256}
13888 {pfr0.48991041406071517,pfb0.39513296679529614,pfc0.28190305659198517,pfbf0.38508569989367514,afr0.8339176676451239,afb0.8427369253572338,afc0.8458970611207234,afbf0.41379005876082625}
13194 {pfr0.49276866916940765,pfb0.375506029947288,pfc0.2984058915220584,pfbf0.37887968520039683,afr0.8463736972424378,afb0.8457699870898878,afc0.8433576763309635,afbf0.4232164757335342}
12452 {pfr0.5136739298929417,pfb0.3787716516351728,pfc0.3120360814553027,pfbf0.3780164462268953,afr0.8306504926869693,afb0.8174957028100102,afc0.8373209741051792,afbf0.4115225001876895}
12294 {pfr0.5391763527130846,pfb0.3802240239047114,pfc0.29059973346263973,pfbf0.3702654960841659,afr0.8233787228384413,afb0.8128373817583996,afc0.850023650120135,afbf0.41589109197487373}
11911 {pfr0.5223462036347163,pfb0.3528080785280547,pfc0.31457927941356895,pfbf0.3785419833130159,afr0.8130578079602032,afb0.8038495114123443,afc0.8378574155873294,afbf0.4145330560275903}
11908 {pfr0.5003964161970125,pfb0.38492569373685775,pfc0.2875575843316638,pfbf0.37858981619424015,afr0.8367809198874205,afb0.8427440203998595,afc0.8557957775797617,afbf0.4119029991091208}
11121 {pfr0.4897309858286374,pfb0.38107692831346374,pfc0.2992966406213124,pfbf0.38836573725016454,afr0.839264285516107,afb0.8440744393544446,afc0.8452058357977754,afbf0.4293632133326747}
10175 {pfr0.5152051992023622,pfb0.3727025456705723,pfc0.31305749246571013,pfbf0.379522075509141,afr0.8442864061313277,afb0.8184172698445185,afc0.8387589426000425,afbf0.4173735600711138}
7165 {pfr0.558805050972738,pfb0.38933829592713565,pfc0.29416274689784844,pfbf0.3752220158846272,afr0.8227469269318726,afb0.8116939441170083,afc0.8504295509983119,afbf0.42277180392773916}
