14 14 o 0.73786
13 13 o 0.69361
12 12 o 0.65078
11 11 o 0.61453
10 10 o 0.57894
9 9 o 0.54185
14 13 s 0.52027
14 12 s 0.50602
8 8 o 0.50239
14 11 s 0.49411
14 13 o 0.49371
14 10 s 0.48627
13 12 s 0.48236
14 12 o 0.4808
13 11 s 0.47423
7 7 o 0.46835
14 11 o 0.46742
14 9 s 0.46296
13 10 s 0.4629
12 11 s 0.45721
13 12 o 0.45573
14 10 o 0.45536
14 8 s 0.45238
12 10 s 0.4472
14 7 s 0.44629
13 11 o 0.4459
13 9 s 0.43955
14 5 s 0.43887
6 6 o 0.4381
13 10 o 0.43471
11 10 s 0.43456
14 6 s 0.4325
14 9 o 0.43227
12 11 o 0.42708
14 4 s 0.42682
12 9 s 0.42233
14 8 o 0.42166
13 8 s 0.41929
12 10 o 0.41772
14 3 s 0.41724
14 7 o 0.41358
13 7 s 0.41194
11 9 s 0.41159
13 9 o 0.40861
14 2 s 0.40847
11 10 o 0.40665
5 5 o 0.40592
14 5 o 0.40445
10 9 s 0.40423
13 6 s 0.4028
14 6 o 0.40092
12 8 s 0.39969
14 4 o 0.39593
13 5 s 0.39577
11 8 s 0.39146
12 9 o 0.39099
13 8 o 0.38843
10 8 s 0.38466
13 4 s 0.38445
14 3 o 0.38378
12 7 s 0.38153
13 7 o 0.38062
11 9 o 0.3798
13 3 s 0.37944
9 8 s 0.37766
12 6 s 0.37581
10 9 o 0.37557
11 7 s 0.37469
14 2 o 0.3742
12 8 o 0.37379
4 4 o 0.37339
13 2 s 0.37154
12 5 s 0.37143
13 6 o 0.36842
10 7 s 0.3671
13 5 o 0.36302
11 8 o 0.36198
9 7 s 0.36074
12 4 s 0.36045
8 7 s 0.35652
12 3 s 0.35417
10 8 o 0.35371
11 6 s 0.35327
13 4 o 0.35243
12 7 o 0.35124
11 5 s 0.34894
9 8 o 0.34638
10 6 s 0.34539
12 6 o 0.34455
12 2 s 0.34423
13 3 o 0.34139
9 6 s 0.34126
3 3 o 0.34078
11 4 s 0.34012
8 6 s 0.34007
7 6 s 0.33946
13 2 o 0.33757
10 7 o 0.33573
12 5 o 0.33475
11 7 o 0.33408
11 3 s 0.3303
10 5 s 0.32862
12 4 o 0.32623
8 7 o 0.32328
9 7 o 0.32303
6 5 s 0.32193
7 5 s 0.32191
11 2 s 0.32143
9 5 s 0.32057
8 5 s 0.32024
10 4 s 0.31966
11 6 o 0.31872
10 3 s 0.31563
12 3 o 0.3155
2 2 o 0.31181
10 6 o 0.3118
11 5 o 0.30993
5 4 s 0.30744
12 2 o 0.30701
10 2 s 0.30536
9 4 s 0.30445
6 4 s 0.30438
9 6 o 0.30402
7 6 o 0.30368
7 4 s 0.30266
8 6 o 0.30266
11 4 o 0.30221
9 3 s 0.30095
8 4 s 0.30094
11 3 o 0.29137
10 5 o 0.29088
5 3 s 0.29064
9 2 s 0.289
9 5 o 0.28614
7 5 o 0.2859
8 5 o 0.28499
6 5 o 0.28491
11 2 o 0.28486
7 3 s 0.28474
6 3 s 0.28383
10 4 o 0.28373
4 3 s 0.28325
8 3 s 0.2821
8 2 s 0.27815
10 3 o 0.27556
5 2 s 0.27475
5 4 o 0.27292
10 2 o 0.2694
6 4 o 0.26909
9 4 o 0.26746
6 2 s 0.26704
8 4 o 0.26601
7 4 o 0.26598
7 2 s 0.26344
4 2 s 0.26332
9 3 o 0.2596
3 2 s 0.25781
5 3 o 0.25611
9 2 o 0.25259
6 3 o 0.24675
7 3 o 0.24471
4 3 o 0.24438
8 3 o 0.2418
8 2 o 0.23989
5 2 o 0.23275
6 2 o 0.22795
4 2 o 0.22671
7 2 o 0.2249
3 2 o 0.21691
